1.000000000 0.000000000 0.000000000 0.000000000 0.000000000 1.000000000 0.000000000 0.000000000 0.000000000 0.000000000 1.000000000 0.000000000
0.999044657 -0.000643539 0.043696065 0.047194179 0.000744577 0.999997079 -0.002296058 -0.019999396 -0.043694459 0.002326400 0.999042213 1.028078556
0.996028841 -0.004713056 0.088905625 0.139298484 0.005383499 0.999958813 -0.007302799 -0.038659357 -0.088867545 0.007752422 0.996013224 2.049875975
0.990872860 -0.004159893 0.134735763 0.270579070 0.005759406 0.999917448 -0.011483866 -0.059384361 -0.134676874 0.012155049 0.990815103 3.058724880
0.983551979 -0.001324726 0.180620432 0.453904420 0.003819283 0.999902070 -0.013463965 -0.093024895 -0.180584908 0.013932349 0.983460724 4.090187073
0.974018991 -0.003879690 0.226432994 0.689826965 0.007075659 0.999886453 -0.013304499 -0.125173807 -0.226355672 0.014560997 0.973935902 5.098096371
0.962344944 -0.004398187 0.271795660 0.963214636 0.008694814 0.999855518 -0.014606047 -0.153870627 -0.271692187 0.016419267 0.962244093 6.108406067
0.948791087 -0.006995344 0.315826714 1.289321423 0.013091498 0.999766588 -0.017184688 -0.188321501 -0.315632850 0.020439325 0.948661268 7.090261459
0.933668852 -0.008724241 0.358031064 1.663802743 0.016646087 0.999679923 -0.019049989 -0.219747171 -0.357750237 0.023746196 0.933515310 8.044398308
0.916332483 -0.008592092 0.400326043 2.072622776 0.018073803 0.999638319 -0.019915322 -0.251677215 -0.400010169 0.025484473 0.916156292 8.981267929
0.896802664 -0.009023878 0.442338735 2.518396378 0.019150216 0.999646723 -0.018432193 -0.287990719 -0.442016155 0.025000922 0.896658599 9.880328178
0.875044346 -0.009325669 0.483952940 3.015579700 0.020263726 0.999643683 -0.017376304 -0.330356479 -0.483618438 0.025011726 0.874921501 10.769380569
0.851108253 -0.009539306 0.524903595 3.550012112 0.021136627 0.999646902 -0.016105086 -0.364809513 -0.524564624 0.024801861 0.851009250 11.637817383
0.825577199 -0.009901839 0.564202309 4.136216164 0.022914331 0.999609590 -0.015986422 -0.407071888 -0.563823700 0.026126347 0.825481832 12.484310150
0.798304737 -0.011645684 0.602141082 4.747313499 0.026262620 0.999535024 -0.015486913 -0.439921886 -0.601680696 0.028177079 0.798239529 13.285996437
0.769557536 -0.010769220 0.638486624 5.406320095 0.027089342 0.999508262 -0.015791845 -0.476704746 -0.638002694 0.029448919 0.769470751 14.087974548
0.738942206 -0.013852491 0.673626363 6.082026005 0.031779092 0.999392509 -0.014308874 -0.509713411 -0.673019052 0.031980667 0.738933504 14.822456360
0.706895292 -0.013117781 0.707196653 6.822295666 0.032175742 0.999389350 -0.013624370 -0.539214492 -0.706585944 0.032385580 0.706885636 15.559600830
0.672691286 -0.011855592 0.739828289 7.567557812 0.033128936 0.999351501 -0.014108190 -0.575553060 -0.739181161 0.034000177 0.672647774 16.232255936
0.637370467 -0.012892754 0.770449638 8.358388901 0.037811708 0.999178946 -0.014560204 -0.596653104 -0.769629240 0.038412262 0.637334585 16.888015747
0.600835741 -0.011383982 0.799291372 9.151685715 0.038360830 0.999157190 -0.014605650 -0.625274062 -0.798451543 0.039437074 0.600766122 17.475780487
0.562800169 -0.010107625 0.826531172 9.992748260 0.040697232 0.999051392 -0.015494123 -0.657209337 -0.825590432 0.042357631 0.562677681 18.053390503
0.523888350 -0.008138936 0.851748049 10.832925797 0.045027681 0.998820782 -0.018151073 -0.683344603 -0.850596011 0.047861379 0.523637056 18.572610855
0.485012472 -0.007163712 0.874477923 11.712394714 0.046464112 0.998765111 -0.017588561 -0.710547328 -0.873272002 0.049162503 0.484746397 19.053340912
0.446541727 -0.008931918 0.894718230 12.612226486 0.051699180 0.998537123 -0.015834026 -0.734775543 -0.893267989 0.053326752 0.446350276 19.497707367
0.409803063 -0.009557873 0.912123978 13.535934448 0.055666067 0.998343468 -0.014548558 -0.762759328 -0.910473883 0.056736402 0.409656256 19.892456055
0.374698371 -0.007200303 0.927118778 14.463909149 0.056963600 0.998259485 -0.015269241 -0.793397188 -0.925395131 0.058533389 0.374456376 20.257863998
0.341265529 -0.008030441 0.939932585 15.428359985 0.057435796 0.998273253 -0.012324594 -0.815998197 -0.938210487 0.058191746 0.341137409 20.603498459
0.307720810 -0.009664625 0.951427579 16.421432495 0.059761532 0.998170316 -0.009189267 -0.839165628 -0.949598074 0.059686512 0.307735324 20.921419144
0.275150210 -0.009430189 0.961354971 17.402658463 0.060322925 0.998150945 -0.007473946 -0.859504342 -0.959506929 0.060048193 0.275210291 21.192296982
0.242907777 -0.006602625 0.970026910 18.404726028 0.057669818 0.998306453 -0.007646180 -0.882260025 -0.968333602 0.057798594 0.242877111 21.446413040
0.212017447 -0.005008608 0.977253020 19.438207626 0.057401683 0.998324215 -0.007336834 -0.896894336 -0.975578606 0.057651505 0.211949691 21.670063019
0.181428924 -0.004881812 0.983392060 20.469587326 0.059206381 0.998227954 -0.005967702 -0.916419148 -0.981620133 0.059305791 0.181396484 21.861286163
0.150691152 -0.005060489 0.988567948 21.541156769 0.060794555 0.998141766 -0.004157651 -0.930784822 -0.986709714 0.060726080 0.150718778 22.019149780
0.120089106 -0.005757427 0.992746413 22.623113632 0.059195999 0.998245418 -0.001371419 -0.945833147 -0.990996718 0.058931317 0.120219238 22.153600693
0.091094851 -0.006129052 0.995823503 23.716936111 0.059994254 0.998198509 0.000655581 -0.957665801 -0.994033337 0.059683956 0.091298468 22.246782303
0.064027652 -0.005922541 0.997930408 24.837896347 0.062596649 0.998037100 0.001906944 -0.964453101 -0.995983005 0.062345017 0.064272709 22.309822083
0.039065149 -0.005434816 0.999221861 25.966812134 0.066848725 0.997759104 0.002813372 -0.972883523 -0.996998072 0.066686779 0.039340921 22.339452744
0.016246155 -0.004967411 0.999855697 27.145690918 0.070972539 0.997471035 0.003802367 -0.975360870 -0.997345984 0.070900522 0.016557615 22.353773117
-0.004012969 -0.005140485 0.999978840 28.304927826 0.076633111 0.997044683 0.005432935 -0.976631939 -0.997051239 0.076653294 -0.003607178 22.344415665
-0.021297527 -0.005854759 0.999756038 29.492069244 0.081077069 0.996679068 0.007563903 -0.977877617 -0.996480286 0.081218377 -0.020752113 22.302310944
-0.036841549 -0.005614078 0.999305367 30.703802109 0.084281906 0.996403933 0.008705013 -0.974155009 -0.995760620 0.084544063 -0.036235899 22.244441986
-0.051167674 -0.006221755 0.998670697 31.905385971 0.086571001 0.996188819 0.010641826 -0.971283257 -0.994930804 0.087000452 -0.050434049 22.184450150
-0.064328842 -0.007319791 0.997901857 33.119171143 0.086806960 0.996141613 0.012902810 -0.968665779 -0.994146049 0.087454855 -0.063445225 22.097101212
-0.076339841 -0.007073944 0.997056782 34.320030212 0.086628437 0.996146500 0.013700210 -0.965050340 -0.993311524 0.087419339 -0.075432874 22.008722305
-0.087708391 -0.004272105 0.996137023 35.546165466 0.086623453 0.996170044 0.011899310 -0.959947348 -0.992372692 0.087332480 -0.087002419 21.908737183
-0.097953252 -0.000748284 0.995190680 36.782245636 0.087005362 0.996164262 0.009312656 -0.950243294 -0.991380453 0.087499127 -0.097512424 21.790384293
-0.107113451 0.001851441 0.994245052 38.041152954 0.088527501 0.996044099 0.007682580 -0.946629703 -0.990297735 0.088840939 -0.106853619 21.655311584
-0.114427656 0.002901335 0.993427336 39.326625824 0.088455997 0.996053457 0.007279772 -0.939794540 -0.989485621 0.088707604 -0.114232711 21.512554169
-0.120125480 0.003582542 0.992752194 40.631629944 0.088084720 0.996087968 0.007063889 -0.933409333 -0.988843203 0.088294864 -0.119971111 21.358797073
-0.125122249 0.005175766 0.992127776 41.954452515 0.089523852 0.995966017 0.006094518 -0.929416895 -0.988094032 0.089581676 -0.125080869 21.194551468
-0.129757613 0.006760881 0.991522789 43.292957306 0.088384613 0.996075094 0.004774710 -0.923658371 -0.987598658 0.088254914 -0.129845887 21.025600433
-0.134257272 0.007781699 0.990916014 44.671203613 0.088948622 0.996027231 0.004229637 -0.915848255 -0.986946344 0.088708468 -0.134416088 20.854173660
-0.136916548 0.006519310 0.990561128 46.056091309 0.088971414 0.996017575 0.005742512 -0.921012461 -0.986579001 0.088917859 -0.136951342 20.663415909
-0.139848188 0.004713431 0.990161836 47.486766815 0.089803368 0.995927751 0.007942743 -0.918454289 -0.986092269 0.090030633 -0.139701977 20.470689774
-0.141417906 0.003118466 0.989945054 48.899394989 0.089802645 0.995912433 0.009691432 -0.918435872 -0.985868335 0.090270251 -0.141119912 20.260679245
-0.143511072 0.003896031 0.989641011 50.333572388 0.092606656 0.995657384 0.009509476 -0.910709143 -0.985306323 0.093012065 -0.143248647 20.063571930
-0.144509315 0.003745813 0.989496350 51.811683655 0.092218466 0.995691538 0.009698630 -0.896969080 -0.985196769 0.092651397 -0.144232184 19.833608627
-0.145186380 0.005509969 0.989389122 53.285438538 0.094524190 0.995487690 0.008326878 -0.880526423 -0.984878719 0.094730139 -0.145052105 19.620811462
-0.145077541 0.005492962 0.989404976 54.778499603 0.094038382 0.995534420 0.008261962 -0.872108102 -0.984941244 0.094240695 -0.144946232 19.400684357
-0.144519478 0.007194214 0.989475787 56.294551849 0.093860611 0.995564342 0.006470475 -0.860439181 -0.985040247 0.093807913 -0.144553632 19.182956696
-0.143080369 0.007061397 0.989685833 57.834083557 0.094417103 0.995511234 0.006547062 -0.852408051 -0.985197127 0.094380036 -0.143104821 18.955371857
-0.141272932 0.005741887 0.989954054 59.382907867 0.094044350 0.995538592 0.007646467 -0.854514718 -0.985493541 0.094179824 -0.141182676 18.729331970
-0.139853060 0.006766350 0.990149081 60.961147308 0.095143028 0.995441437 0.006635911 -0.844349623 -0.985590637 0.095133841 -0.139859334 18.505559921
-0.138765126 0.007647658 0.990295708 62.553466797 0.095009677 0.995460451 0.005625681 -0.832412839 -0.985757232 0.094868340 -0.138861760 18.286918640
-0.137526959 0.008242669 0.990463674 64.161491394 0.096276887 0.995341659 0.005084887 -0.830829740 -0.985807836 0.096058071 -0.137679890 18.058471680
-0.136426121 0.008123913 0.990616918 65.786102295 0.095827475 0.995385349 0.005034184 -0.822507977 -0.986004531 0.095615119 -0.136575013 17.831962585
-0.135129139 0.007101359 0.990802526 67.442237854 0.098164737 0.995150566 0.006255531 -0.811290801 -0.985953212 0.098107174 -0.135170922 17.598674774
-0.134399608 0.005082008 0.990914166 69.140495300 0.100352272 0.994915605 0.008508440 -0.808775723 -0.985832751 0.100584023 -0.134226233 17.353981018
-0.133059993 0.006322549 0.991087735 70.824150085 0.102025308 0.994754612 0.007351622 -0.803208590 -0.985842705 0.102094240 -0.133007109 17.117561340
-0.132531926 0.007892616 0.991147280 72.503356934 0.103789531 0.994581461 0.005958318 -0.798099518 -0.985729694 0.103660382 -0.132632911 16.903436661
-0.131567419 0.007875219 0.991275966 74.206512451 0.103057720 0.994658530 0.005776272 -0.793081522 -0.985935688 0.102918595 -0.131676227 16.678894043
-0.131070405 0.007606081 0.991343856 75.956314087 0.103982255 0.994560361 0.006117241 -0.792996407 -0.985904694 0.103883952 -0.131148338 16.435382843
-0.130365193 0.006655903 0.991443694 77.691093445 0.104014166 0.994551122 0.007000086 -0.786275208 -0.985994935 0.104036763 -0.130347162 16.199474335
-0.130272880 0.006854770 0.991454482 79.420310974 0.105436854 0.994401515 0.006978813 -0.784330130 -0.985855937 0.105444998 -0.130266339 15.980340958
-0.130354419 0.006640313 0.991445184 81.195991516 0.106374681 0.994299114 0.007326629 -0.777435601 -0.985744417 0.106419720 -0.130317613 15.753677368
-0.130441740 0.007913290 0.991424382 82.971435547 0.106688708 0.994273722 0.006100998 -0.766726136 -0.985699117 0.106569588 -0.130539045 15.519806862
-0.131179810 0.008759413 0.991319895 84.764419556 0.106324621 0.994317412 0.005283873 -0.765065670 -0.985640347 0.106094852 -0.131365702 15.287989616
-0.132259533 0.009429708 0.991170287 86.562179565 0.105650857 0.994392455 0.004637453 -0.768855155 -0.985568523 0.105331354 -0.132514164 15.050855637
-0.133871570 0.009959359 0.990948498 88.365036011 0.104751073 0.994489670 0.004156332 -0.770350099 -0.985446930 0.104359351 -0.134177148 14.822904587
-0.134752885 0.009029887 0.990838110 90.177680969 0.103713848 0.994594336 0.005040851 -0.773831666 -0.985436499 0.103442892 -0.134961009 14.581165314
-0.135648146 0.008704236 0.990718782 92.017211914 0.103927448 0.994569838 0.005491566 -0.774905562 -0.985291123 0.103707820 -0.135816172 14.330006599
-0.135949865 0.007675955 0.990685999 93.859985352 0.101473436 0.994818807 0.006217021 -0.774970829 -0.985505342 0.101373516 -0.136024371 14.074734688
-0.137883916 0.008651962 0.990410626 95.692665100 0.101429708 0.994827867 0.005430387 -0.775080562 -0.985241115 0.101205803 -0.138048336 13.830322266
-0.140109673 0.009556009 0.990090013 97.575996399 0.100803621 0.994895399 0.004662540 -0.772328138 -0.984991252 0.100457937 -0.140357718 13.554452896
-0.144240230 0.010571450 0.989486217 99.459556580 0.101277143 0.994849682 0.004134702 -0.767179728 -0.984346330 0.100808717 -0.144567952 13.279489517
-0.148688406 0.009487332 0.988838613 101.343063354 0.099052273 0.995067894 0.005347061 -0.769293368 -0.983910799 0.098741755 -0.148894757 13.003692627
-0.153541595 0.008748434 0.988103449 103.239791870 0.097480468 0.995217204 0.006336095 -0.770731449 -0.983322144 0.097293638 -0.153660059 12.719267845
-0.157978877 0.009446212 0.987397432 105.142883301 0.096278615 0.995337069 0.005881952 -0.775434315 -0.982737541 0.095994473 -0.158151686 12.419837952
-0.162421674 0.011141343 0.986658454 107.065422058 0.096797898 0.995292962 0.004695825 -0.778209209 -0.981962025 0.096269175 -0.162735596 12.096136093
-0.166931242 0.012735724 0.985886276 108.993576050 0.096751854 0.995302260 0.003524761 -0.789828956 -0.981209993 0.095974728 -0.167379215 11.773845673
-0.171195164 0.012729883 0.985154867 110.935569763 0.095746197 0.995398641 0.003776036 -0.799494028 -0.980573773 0.094971277 -0.171626300 11.431802750
-0.175967187 0.012531109 0.984316289 112.886077881 0.093913049 0.995571852 0.004114530 -0.803113699 -0.979906082 0.093164153 -0.176364824 11.088144302
-0.180377603 0.012209856 0.983521640 114.854286194 0.092264421 0.995724082 0.004559930 -0.801428556 -0.979260564 0.091566563 -0.180732846 10.720865250
-0.186326623 0.011204012 0.982423902 116.785362244 0.090865470 0.995845854 0.005876477 -0.809853196 -0.978276968 0.090363391 -0.186570659 10.371946335
-0.191388279 0.011016366 0.981452584 118.765304565 0.091301210 0.995801210 0.006626782 -0.810547233 -0.977258742 0.090876117 -0.191590503 9.985332489
-0.197153330 0.012481877 0.980293334 120.705551147 0.091974035 0.995744348 0.005818902 -0.811959028 -0.976048768 0.091308765 -0.197462350 9.608915329
-0.202847660 0.013236973 0.979120851 122.666938782 0.091425821 0.995796800 0.005478569 -0.818197727 -0.974932849 0.090628244 -0.203205287 9.214735031
-0.208943114 0.013620410 0.977832913 124.648651123 0.091728024 0.995767593 0.005730201 -0.808714747 -0.973616242 0.090891995 -0.209308147 8.811098099
-0.214524522 0.013476330 0.976625741 126.633026123 0.090574712 0.995870650 0.006153654 -0.809267342 -0.972509861 0.089777708 -0.214859292 8.383424759
-0.219772398 0.014234862 0.975447297 128.623413086 0.089865021 0.995937526 0.005713091 -0.807942867 -0.971403241 0.088914171 -0.220158786 7.938987732
-0.225126982 0.014922484 0.974215090 130.618499756 0.089110740 0.996007442 0.005335912 -0.809513569 -0.970245898 0.088014312 -0.225557879 7.494596481
-0.229541481 0.014376443 0.973192692 132.607360840 0.090274699 0.995895147 0.006580774 -0.805800200 -0.969103277 0.089365236 -0.229897112 7.027679443
-0.233241990 0.014484006 0.972310841 134.612258911 0.092663169 0.995670021 0.007396452 -0.799265444 -0.967993677 0.091822550 -0.233574197 6.543720245
-0.236807182 0.015179537 0.971438110 136.618835449 0.093885772 0.995555997 0.007330101 -0.798684359 -0.967009723 0.092940018 -0.237179920 6.054988861
-0.239775121 0.015866723 0.970698714 138.616775513 0.094518863 0.995498061 0.007075295 -0.799642920 -0.966216385 0.093445823 -0.240195334 5.559186935
-0.243511185 0.016170915 0.969763219 140.652343750 0.093957908 0.995551646 0.006992246 -0.797499537 -0.965336323 0.092819616 -0.243947357 5.061290741
-0.246934831 0.016462030 0.968892097 142.663375854 0.092722215 0.995669305 0.006714478 -0.803774536 -0.964585781 0.091495864 -0.247391835 4.547523499
-0.252010405 0.017220940 0.967571139 144.697326660 0.091877751 0.995750964 0.006207684 -0.806361735 -0.963353097 0.090462662 -0.252521753 4.030586243
-0.256089479 0.016510857 0.966512084 146.731307983 0.090574913 0.995865107 0.006986660 -0.814347267 -0.962400317 0.089330934 -0.256526053 3.511188507
-0.260903209 0.016949948 0.965216160 148.770080566 0.090876579 0.995837033 0.007076767 -0.816134691 -0.961078048 0.089561895 -0.261357427 2.969184875
-0.265803128 0.017124882 0.963875234 150.826400757 0.090291053 0.995889366 0.007205456 -0.821746826 -0.959789693 0.088944554 -0.266256720 2.417499542
-0.270884961 0.017487839 0.962452769 152.885635376 0.089722931 0.995941043 0.007156447 -0.816591263 -0.958421171 0.088292666 -0.271354556 1.856189728
-0.275654495 0.016728468 0.961111188 154.930541992 0.089709446 0.995932579 0.008394855 -0.825344563 -0.957061529 0.088534832 -0.276033998 1.282318115
-0.280414999 0.016926380 0.959729612 156.992218018 0.090062328 0.995897710 0.008750251 -0.819187641 -0.955644369 0.088889167 -0.280789077 0.700119019
-0.285280854 0.017457277 0.958284974 159.081970215 0.090615124 0.995846808 0.008834524 -0.819758892 -0.954150796 0.089355446 -0.285677940 0.105949402
-0.288824856 0.018839538 0.957196593 161.145080566 0.091177993 0.995803177 0.007912686 -0.815170646 -0.953030229 0.089560635 -0.289330423 -0.511661530
-0.292749494 0.020129036 0.955977261 163.209884644 0.090817593 0.995844007 0.006842661 -0.819536686 -0.951866448 0.088822745 -0.293360889 -1.132015228
-0.296388835 0.021865901 0.954817116 165.292892456 0.091908164 0.995751023 0.005726293 -0.817153037 -0.950634837 0.089452676 -0.297139168 -1.763870239
-0.299961537 0.022266921 0.953691363 167.379623413 0.091218889 0.995815933 0.005440329 -0.823191345 -0.949580014 0.088626549 -0.300737649 -2.410442352
-0.303812832 0.022375150 0.952468991 169.471939087 0.091670007 0.995772183 0.005847925 -0.828483224 -0.948311329 0.089089505 -0.304579437 -3.065166473
-0.308129549 0.022446530 0.951079488 171.565521240 0.091191635 0.995815039 0.006041813 -0.829562128 -0.946963727 0.088592157 -0.308886945 -3.725574493
-0.312160671 0.023556147 0.949737191 173.658828735 0.093505375 0.995600462 0.006039774 -0.832018137 -0.945416510 0.090690918 -0.312989920 -4.412803650
-0.314886868 0.023897659 0.948828220 175.744750977 0.095837370 0.995374143 0.006735480 -0.833935380 -0.944278181 0.093054123 -0.315720558 -5.117183685
-0.317411840 0.023577705 0.947994590 177.812866211 0.096965663 0.995257854 0.007713294 -0.837796450 -0.943317175 0.094371222 -0.318192840 -5.809177399
-0.320160776 0.023258986 0.947077572 179.898361206 0.096543580 0.995295048 0.008193525 -0.832772136 -0.942431092 0.094057500 -0.320899904 -6.516761780
-0.323157370 0.023906171 0.946043253 182.014892578 0.095749192 0.995376825 0.007554003 -0.831135869 -0.941488922 0.093024023 -0.323952347 -7.232406616
-0.325982124 0.025811827 0.945023537 184.116760254 0.095089614 0.995452881 0.005611558 -0.833552599 -0.940581560 0.091691203 -0.326954216 -7.950916290
-0.329132199 0.028055983 0.943866968 186.238967896 0.094966359 0.995474219 0.003525370 -0.833474219 -0.939496338 0.090795919 -0.330307007 -8.686344147
-0.332509041 0.029049348 0.942652583 188.368896484 0.094141714 0.995555520 0.002527680 -0.844107628 -0.938389719 0.089583382 -0.333766013 -9.427799225
-0.336060315 0.030080711 0.941359997 190.526321411 0.092361093 0.995724916 0.001154478 -0.849318922 -0.937300861 0.087332994 -0.337401927 -10.183944702
-0.339353472 0.030427383 0.940166712 192.661880493 0.093180239 0.995648265 0.001410458 -0.861988246 -0.936032414 0.088083617 -0.340711862 -10.963363647
-0.343360811 0.029424487 0.938742459 194.830657959 0.092524827 0.995706916 0.002632494 -0.872689366 -0.934634984 0.087760881 -0.344609201 -11.740711212
-0.346824497 0.028873315 0.937485456 196.987625122 0.092527963 0.995703697 0.003564536 -0.883412719 -0.933354914 0.087979913 -0.348005980 -12.536220551
-0.350653738 0.028853400 0.936060607 199.141067505 0.092434295 0.995711029 0.003934347 -0.887693882 -0.931932330 0.087903693 -0.351816833 -13.339340210
-0.354315281 0.029132370 0.934672117 201.300735474 0.091839328 0.995766819 0.003777836 -0.897695184 -0.930605292 0.087178215 -0.355490834 -14.146907806
-0.358150780 0.029755142 0.933189511 203.471801758 0.091056012 0.995840669 0.003193781 -0.910221398 -0.929212928 0.086116359 -0.359370530 -14.973506927
-0.361805677 0.030304907 0.931760788 205.659622192 0.090562642 0.995887041 0.002775188 -0.921671152 -0.927844465 0.085386805 -0.363061965 -15.803096771
-0.364385128 0.030823732 0.930738091 207.778793335 0.091965444 0.995757520 0.003027578 -0.941426575 -0.926696181 0.086698934 -0.365673989 -16.636459351
-0.366769671 0.030797895 0.929801881 209.928436279 0.093087092 0.995650887 0.003740115 -0.955176711 -0.925642908 0.087924324 -0.368041396 -17.482242584
-0.369252115 0.030664785 0.928823173 212.102478027 0.094841905 0.995480597 0.004838788 -0.964372396 -0.924477100 0.089878112 -0.370491683 -18.352375031
-0.372354865 0.031269971 0.927563488 214.288482666 0.095656827 0.995402575 0.004842886 -0.974946320 -0.923147678 0.090531051 -0.373634189 -19.221645355
-0.374849498 0.032251816 0.926524460 216.456100464 0.095900819 0.995382249 0.004150438 -0.985070884 -0.922112167 0.090410255 -0.376211494 -20.099262238
-0.377483487 0.032298803 0.925452828 218.617919922 0.095172457 0.995452464 0.004078121 -0.997177184 -0.921112597 0.089617051 -0.378840774 -20.974533081
-0.380548477 0.033543944 0.924152374 220.789382935 0.095032461 0.995469630 0.003000023 -1.015182257 -0.919864953 0.088966139 -0.382012248 -21.861274719
-0.383185953 0.034755394 0.923017085 222.967636108 0.094869785 0.995487869 0.001900502 -1.025859118 -0.918786228 0.088294692 -0.384754181 -22.765285492
-0.385787696 0.034716178 0.921934187 225.139389038 0.092769697 0.995686710 0.001326524 -1.046980262 -0.917911708 0.086039320 -0.387344301 -23.663589478
-0.388916731 0.035847515 0.920575321 227.301239014 0.093662247 0.995603681 0.000800463 -1.064178705 -0.916499436 0.086534448 -0.390564501 -24.565578461
-0.391538024 0.035284359 0.919485331 229.457290649 0.094944544 0.995480061 0.002228982 -1.086152792 -0.915250540 0.088172853 -0.393118352 -25.478004456
-0.394323200 0.034299839 0.918331444 231.609390259 0.095414333 0.995430350 0.003790546 -1.104555249 -0.914005101 0.089116678 -0.395794034 -26.398689270
-0.397551358 0.033873651 0.916954458 233.752532959 0.094280310 0.995537221 0.004099207 -1.116974354 -0.912723482 0.088080391 -0.398970872 -27.314411163
-0.400575578 0.034105431 0.915628672 235.892898560 0.092932701 0.995665967 0.003570189 -1.131755710 -0.911538661 0.086522013 -0.402008951 -28.242649078
-0.404187351 0.033634488 0.914057553 238.056030273 0.091470398 0.995800555 0.003804944 -1.140010238 -0.910091102 0.085147142 -0.405566454 -29.187561035
-0.407673478 0.033113141 0.912527323 240.210525513 0.090754680 0.995863438 0.004407648 -1.151477337 -0.908606589 0.084612973 -0.408992380 -30.139678955
-0.411161631 0.033423781 0.910949409 242.339477539 0.090493865 0.995887816 0.004304601 -1.168446541 -0.907059371 0.084205210 -0.412495553 -31.092132568
-0.414865971 0.033179235 0.909277380 244.473297119 0.090002805 0.995930314 0.004723410 -1.183647752 -0.905420184 0.083797097 -0.416163772 -32.058547974
-0.418878615 0.032590851 0.907457173 246.627746582 0.088775083 0.996038020 0.005206022 -1.195663095 -0.903692245 0.082740270 -0.420112312 -33.031616211
-0.422775567 0.032449935 0.905653238 248.737335205 0.087705463 0.996132553 0.005250670 -1.204799891 -0.901980281 0.081650592 -0.423986524 -34.003524780
-0.426412672 0.033442009 0.903910339 250.865539551 0.088286474 0.996083558 0.004796329 -1.221029162 -0.900209785 0.081848286 -0.427695125 -34.995475769
-0.429862320 0.033870693 0.902258813 252.979187012 0.088516235 0.996063411 0.004779620 -1.238208890 -0.898544967 0.081919149 -0.431168258 -35.996658325
-0.433554679 0.033970181 0.900486708 255.112091064 0.088476717 0.996065557 0.005022811 -1.245674610 -0.896773219 0.081849776 -0.434854537 -37.007423401
-0.437126547 0.034185447 0.898750067 257.215820312 0.087211601 0.996179461 0.004525911 -1.262239933 -0.895161688 0.080359817 -0.438437939 -38.023376465
-0.440661907 0.034492459 0.897010267 259.337219238 0.087738045 0.996132016 0.004797898 -1.276033282 -0.893375158 0.080816180 -0.441983670 -39.057800293
-0.444056094 0.034961335 0.895316601 261.447540283 0.088236935 0.996087551 0.004867102 -1.282559514 -0.891643643 0.081161268 -0.445403725 -40.098175049
-0.447482079 0.036456045 0.893549502 263.572357178 0.089746043 0.995955467 0.004309971 -1.286066771 -0.889778316 0.082121193 -0.448943973 -41.149307251
-0.450729549 0.038515937 0.891829193 265.691314697 0.092166007 0.995737255 0.003577131 -1.299436927 -0.887889802 0.083808661 -0.452358037 -42.224327087
-0.453544050 0.039128151 0.890374541 267.820434570 0.093319267 0.995629191 0.003781866 -1.312118292 -0.886334777 0.084804334 -0.455213040 -43.302459717
-0.456389159 0.041417975 0.888815701 269.947265625 0.095423475 0.995433331 0.002611812 -1.320491314 -0.884648621 0.086005911 -0.458257228 -44.390716553
-0.458722621 0.044110131 0.887483954 272.089080811 0.097392604 0.995245636 0.000874136 -1.331879139 -0.883226037 0.086835377 -0.460837781 -45.499801636
-0.461680442 0.044755656 0.885916531 274.251586914 0.098298922 0.995156467 0.000952488 -1.341923475 -0.881582856 0.087524399 -0.463843703 -46.618515015
-0.464810640 0.046128828 0.884207666 276.528869629 0.099056885 0.995081902 0.000159179 -1.357684016 -0.879851580 0.087660849 -0.467093974 -47.828247070
-0.468303293 0.045826878 0.882378578 278.750396729 0.097753108 0.995210707 0.000193442 -1.373392224 -0.878143728 0.086345822 -0.470540166 -48.997383118
-0.471885890 0.047110140 0.880400121 280.937713623 0.098945685 0.995092750 -0.000213413 -1.391163349 -0.876089811 0.087011069 -0.474231631 -50.151748657
-0.474893212 0.047381662 0.878766954 283.095977783 0.098098271 0.995176494 -0.000645121 -1.402763367 -0.874558806 0.085899152 -0.477250695 -51.313804626
-0.477520943 0.047252212 0.877348840 285.250762939 0.096552290 0.995327294 -0.001055085 -1.414772153 -0.873299122 0.084206201 -0.479852021 -52.481361389
-0.479252249 0.048094343 0.876358509 287.383728027 0.098479919 0.995138764 -0.000757476 -1.428541899 -0.872134745 0.085940696 -0.481658816 -53.663299561
-0.481496364 0.047810670 0.875142992 289.570648193 0.100066274 0.994980514 0.000698006 -1.450976610 -0.870716929 0.087908380 -0.483863711 -54.844116211
-0.483842105 0.048398074 0.873816013 291.761596680 0.101323865 0.994853079 0.001002265 -1.456254244 -0.869269967 0.089023381 -0.486255586 -56.047775269
-0.485385239 0.047712497 0.872997522 293.925048828 0.100875758 0.994897664 0.001711986 -1.468317628 -0.868461430 0.088895254 -0.487721622 -57.249847412
-0.487859398 0.047497064 0.871629059 296.137420654 0.100728557 0.994911551 0.002163740 -1.465829849 -0.867091119 0.088853538 -0.490161240 -58.470634460
-0.490880519 0.048225820 0.869891107 298.375305176 0.102132112 0.994767725 0.002484423 -1.461364508 -0.865219831 0.090063371 -0.493237555 -59.719245911
-0.492807418 0.048181042 0.868803442 300.578399658 0.102425523 0.994736314 0.002933489 -1.465221643 -0.864089012 0.090433285 -0.495148420 -60.969047546
-0.495035022 0.048744351 0.867504597 302.793426514 0.101645842 0.994818449 0.002105429 -1.469444036 -0.862906992 0.089220487 -0.497424603 -62.221122742
-0.497579247 0.051336672 0.865898013 305.005554199 0.101051413 0.994880915 -0.000915540 -1.472338319 -0.861512363 0.087044671 -0.500219822 -63.482223511
-0.501323938 0.050362036 0.863792777 307.227813721 0.099444285 0.995043099 -0.000299371 -1.492424130 -0.859526098 0.085749172 -0.503847122 -64.756828308
-0.505678177 0.048259396 0.861371338 309.420989990 0.097206682 0.995263278 0.001305462 -1.511006713 -0.857228339 0.084391207 -0.507974088 -66.019416809
-0.510974586 0.045633849 0.858383656 311.635070801 0.094622098 0.995507419 0.003402498 -1.525422454 -0.854371965 0.082960635 -0.512997031 -67.296997070
-0.515585959 0.044168390 0.855698705 313.837097168 0.093386449 0.995617986 0.004877762 -1.529744267 -0.851733565 0.082425565 -0.517451406 -68.611816406
-0.519717395 0.044634007 0.853171408 316.058105469 0.094312206 0.995528162 0.005369704 -1.534751892 -0.849116683 0.083255202 -0.521602929 -69.956398010
-0.524152935 0.046113823 0.850374758 318.313049316 0.096658967 0.995301723 0.005605643 -1.537294149 -0.846121013 0.085134543 -0.526147664 -71.332077026
-0.528487861 0.046989970 0.847639382 320.582000732 0.097291335 0.995240808 0.005486947 -1.535772800 -0.843347490 0.085367769 -0.530544400 -72.741348267
-0.532692850 0.047113251 0.844996274 322.826904297 0.098261125 0.995139718 0.006460050 -1.543757439 -0.840585113 0.086471483 -0.534733176 -74.141487122
-0.536789775 0.045636050 0.842480958 325.045684814 0.098308772 0.995117664 0.008733618 -1.547441721 -0.837969065 0.087511383 -0.538655341 -75.560668945
-0.541181862 0.043892488 0.839759290 327.288085938 0.096196868 0.995312333 0.009971024 -1.539072037 -0.835385144 0.086178347 -0.542867303 -76.990287781
-0.545311034 0.043759115 0.837090909 329.503906250 0.095503680 0.995377004 0.010180959 -1.538895130 -0.832775414 0.085497022 -0.546969116 -78.414619446
-0.549066722 0.043860663 0.834626853 331.703277588 0.095873535 0.995335281 0.010765185 -1.536829233 -0.830261409 0.085929438 -0.550710618 -79.863311768
-0.552852154 0.044085249 0.832112253 333.901000977 0.097128503 0.995201826 0.011806075 -1.533846855 -0.827599287 0.087348826 -0.554481387 -81.312683105
-0.557164431 0.043566573 0.829258561 336.134552002 0.097391658 0.995159209 0.013153324 -1.524184704 -0.824671209 0.088091440 -0.558710337 -82.793746948
-0.560349822 0.042686731 0.827155292 338.358276367 0.095972933 0.995290339 0.013652495 -1.511785030 -0.822676897 0.087034710 -0.561807573 -84.293197632
-0.563697755 0.041734021 0.824926078 340.583923340 0.095665447 0.995300233 0.015017753 -1.496614456 -0.820422232 0.087382406 -0.565041065 -85.798423767
-0.566057324 0.041371010 0.823327124 342.786621094 0.096711360 0.995175958 0.016485225 -1.485646725 -0.818673313 0.088956654 -0.567327678 -87.312446594
-0.568663418 0.040692840 0.821563184 345.005004883 0.094383694 0.995406866 0.016026303 -1.469546318 -0.817137480 0.086655736 -0.569892228 -88.850311279
-0.571947992 0.039906822 0.819318712 347.163696289 0.090448096 0.995793581 0.014637349 -1.450956345 -0.815288067 0.082477607 -0.573151708 -90.323417664
-0.575360596 0.039199777 0.816959918 349.329010010 0.087313503 0.996086836 0.013697583 -1.440629959 -0.813225985 0.079212688 -0.576531708 -91.805099487
-0.577662528 0.036409762 0.815463364 351.475891113 0.085363932 0.996221483 0.015990116 -1.437171936 -0.811799824 0.078848042 -0.578587830 -93.336006165
-0.581324577 0.036037832 0.812873185 353.661743164 0.086201042 0.996124327 0.017484443 -1.418520451 -0.809092820 0.080234669 -0.582178175 -94.875579834
-0.583520949 0.036560167 0.811274707 355.812377930 0.085836746 0.996166766 0.016846962 -1.394458294 -0.807549000 0.079467736 -0.584422410 -96.433341980
-0.587242782 0.035147212 0.808647394 358.017517090 0.083545528 0.996352613 0.017365400 -1.379878521 -0.805087626 0.077756576 -0.588037312 -97.993743896
-0.590949655 0.031148480 0.806106865 360.200134277 0.081039354 0.996491611 0.020904154 -1.367724419 -0.802627563 0.077679679 -0.591400683 -99.551727295
-0.594617546 0.029215038 0.803477705 362.392974854 0.079004571 0.996626377 0.022229647 -1.336635113 -0.800117671 0.076696552 -0.594919562 -101.131614685
-0.597899735 0.028307371 0.801070929 364.593475342 0.077668227 0.996719718 0.022748666 -1.303322792 -0.797799170 0.075819179 -0.598137021 -102.738540649
-0.601094425 0.028357605 0.798674762 366.759948730 0.076985285 0.996777296 0.022548869 -1.271647453 -0.795461297 0.075040214 -0.601340294 -104.327285767
-0.604286015 0.027625142 0.796288431 368.983947754 0.076730929 0.996771455 0.023649083 -1.246982574 -0.793064177 0.075390764 -0.604454696 -105.971160889
-0.607012212 0.026925821 0.794236302 371.131805420 0.076395862 0.996774256 0.024595013 -1.217089653 -0.791011989 0.075605847 -0.607110977 -107.589126587
-0.610273898 0.025316108 0.791785896 373.251708984 0.072894052 0.997043490 0.024304649 -1.189595222 -0.788829684 0.072548971 -0.610315025 -109.170600891
-0.613710880 0.021690182 0.789232850 375.398376465 0.062972151 0.997782648 0.021545749 -1.162996292 -0.787015557 0.062922560 -0.613715947 -110.792030334
-0.617541671 0.024070436 0.786169887 377.548828125 0.055285871 0.998387754 0.012859435 -1.149844646 -0.784592748 0.051405307 -0.617876828 -112.424720764
-0.620142460 0.034229215 0.783742249 379.675537109 0.065298349 0.997832954 0.008088415 -1.148281097 -0.781766891 0.056193031 -0.621033788 -114.090904236
-0.621189654 0.035658553 0.782848597 381.807922363 0.073259622 0.997231960 0.012707778 -1.150096416 -0.780228436 0.065245129 -0.622082472 -115.767372131
-0.623185873 0.026571937 0.781622231 383.931884766 0.072348066 0.997095764 0.023785833 -1.123641968 -0.778720200 0.071371868 -0.623298466 -117.450454712
-0.626734674 0.015895708 0.779070556 386.072235107 0.065947525 0.997286975 0.032704387 -1.071753502 -0.776437044 0.071874760 -0.626082659 -119.120285034
-0.630490363 0.009609851 0.776137590 388.183837891 0.059942152 0.997540176 0.036342438 -1.013364792 -0.773879051 0.069436923 -0.629515409 -120.778694153
-0.633894205 0.008853267 0.773369133 390.284667969 0.058220353 0.997643590 0.036299791 -0.948202133 -0.771225274 0.068036057 -0.632915914 -122.450279236
-0.636088490 0.014136266 0.771486640 392.354187012 0.063613489 0.997389317 0.034173563 -0.893344879 -0.768989444 0.070814364 -0.635327101 -124.145027161
-0.638171971 0.020640403 0.769617081 394.397644043 0.068186902 0.997227430 0.029796366 -0.838652611 -0.766868353 0.071493000 -0.637810051 -125.820343018
-0.640808761 0.023634758 0.767336667 396.478393555 0.069179870 0.997237206 0.027056700 -0.794383049 -0.764577270 0.070422411 -0.640673339 -127.538368225
-0.643890977 0.023798643 0.764746964 398.539794922 0.069854505 0.997170150 0.027783554 -0.758416176 -0.761921644 0.071310602 -0.643731296 -129.254150391
-0.646811843 0.022978615 0.762303293 400.571624756 0.070308216 0.997085989 0.029600466 -0.710400581 -0.759401858 0.072742105 -0.646542728 -130.955413818
-0.648958623 0.022876514 0.760479808 402.607666016 0.071189456 0.996988416 0.030758725 -0.653401375 -0.757485867 0.074099272 -0.648632824 -132.687042236
-0.650836647 0.022710178 0.758877993 404.671264648 0.071252525 0.996967912 0.031273067 -0.602156639 -0.755866766 0.074425660 -0.650481522 -134.421646118
-0.652174413 0.022553349 0.757733285 406.719360352 0.071750700 0.996906400 0.032083046 -0.554910660 -0.754665732 0.075291656 -0.651775181 -136.169769287
-0.653901398 0.023543086 0.756213367 408.761688232 0.072603054 0.996855497 0.031745244 -0.500313759 -0.753088117 0.075661659 -0.653554559 -137.915527344
-0.655027866 0.023289569 0.755245686 410.795227051 0.073463127 0.996752501 0.032977957 -0.433953285 -0.752025008 0.077084191 -0.654611588 -139.668334961
-0.655735970 0.021837216 0.754674315 412.825988770 0.074698873 0.996553600 0.036069579 -0.380363464 -0.751285851 0.080025449 -0.655107379 -141.414337158
-0.656804085 0.021383954 0.753758013 414.861450195 0.076220401 0.996361017 0.038149834 -0.314753532 -0.750199199 0.082508713 -0.656043768 -143.173736572
-0.657860458 0.021894105 0.752821565 416.880096436 0.074928835 0.996520817 0.036495745 -0.241593361 -0.749403298 0.080417149 -0.657212138 -144.930847168
-0.659454405 0.021771345 0.751429200 418.895141602 0.071050175 0.996911049 0.033469886 -0.182621956 -0.748379409 0.075461045 -0.658964276 -146.674392700
-0.660701096 0.021117186 0.750351906 420.896179199 0.068164565 0.997162104 0.031957190 -0.127001762 -0.747547746 0.072261557 -0.660265684 -148.417587280
-0.662112415 0.020199701 0.749132216 422.906738281 0.067405328 0.997190058 0.032687105 -0.073639870 -0.746367037 0.072138041 -0.661613464 -150.157989502
-0.662719250 0.018853981 0.748630583 424.861053467 0.065096520 0.997349322 0.032508299 -0.017820358 -0.746033251 0.070277125 -0.662189901 -151.888824463
-0.663288176 0.017827986 0.748151720 426.866424561 0.062274650 0.997563720 0.031439461 0.038144112 -0.745768547 0.067444310 -0.662782431 -153.651702881
-0.664318860 0.016809121 0.747260273 428.872772217 0.061002016 0.997631192 0.031790107 0.088408470 -0.744955897 0.066703148 -0.663770616 -155.404876709
-0.665643275 0.015780553 0.746103168 430.873168945 0.061856169 0.997502804 0.034087773 0.146465302 -0.743701994 0.068841390 -0.664957225 -157.152893066
-0.666202247 0.014903230 0.745622218 432.871459961 0.064536907 0.997201681 0.037731033 0.210827827 -0.742973447 0.073256649 -0.665299833 -158.901504517
-0.665217161 0.014196312 0.746514976 434.872558594 0.069440797 0.996662140 0.042925164 0.290010452 -0.743413806 0.080393158 -0.663982570 -160.680999756
-0.663903534 0.013002237 0.747705340 436.876617432 0.072614290 0.996244907 0.047151551 0.376983643 -0.744284391 0.085598163 -0.662354529 -162.443969727
-0.662416816 0.010600532 0.749060392 438.859100342 0.066582441 0.996775746 0.044774707 0.469377518 -0.746170700 0.079533771 -0.660986781 -164.166885376
-0.661753535 0.010061592 0.749653876 440.862670898 0.059918530 0.997421205 0.039505780 0.549362183 -0.747323096 0.071061246 -0.660649955 -165.903411865
-0.660126507 0.007583413 0.751116157 442.861083984 0.054982889 0.997754514 0.038248789 0.612592697 -0.749139369 0.066547565 -0.659061134 -167.641906738
-0.658059537 0.006968169 0.752933681 444.878997803 0.052603554 0.997939408 0.036739569 0.677272797 -0.751126170 0.063783810 -0.657070100 -169.356018066
-0.655214906 0.008337284 0.755396485 446.886871338 0.055016574 0.997810483 0.036707401 0.749586105 -0.753436565 0.065610565 -0.654238880 -171.091354370
-0.652473629 0.008329622 0.757765651 448.892883301 0.056005955 0.997735083 0.037256461 0.815143585 -0.755739033 0.066748232 -0.651462317 -172.806274414
-0.649772763 0.008816986 0.760077357 450.895568848 0.053318772 0.997998416 0.034004100 0.877195358 -0.758256197 0.062621333 -0.648942292 -174.501983643
-0.649079204 0.003766889 0.760711372 452.935913086 0.046192519 0.998337567 0.034470323 0.936706543 -0.759317100 0.057513151 -0.648174107 -176.194198608
-0.648228765 -0.002432196 0.761441767 454.961059570 0.037624646 0.998671055 0.035220485 0.993530273 -0.760515511 0.051479902 -0.647275805 -177.881576538
-0.648241222 -0.005994475 0.761411309 457.003540039 0.030109238 0.998985112 0.033498894 1.051736832 -0.760839522 0.044640884 -0.647403002 -179.565063477
-0.647861838 -0.006694132 0.761728466 459.035369873 0.028623400 0.999041200 0.033124298 1.102894783 -0.761219919 0.043263238 -0.647049129 -181.261993408
-0.646761417 -0.006526602 0.762664497 461.064239502 0.030532153 0.998940229 0.034440711 1.162660599 -0.762081027 0.045560710 -0.645876706 -182.963241577
-0.645643890 -0.007354035 0.763603270 463.100708008 0.032284793 0.998796642 0.036916621 1.222520828 -0.762956083 0.048487749 -0.644629478 -184.646743774
-0.644518256 -0.009430866 0.764530778 465.115600586 0.030970855 0.998781264 0.038429655 1.295286179 -0.763961434 0.048446786 -0.643440664 -186.329193115
-0.643940449 -0.009862603 0.765012026 467.182922363 0.028856251 0.998892486 0.037167244 1.365499496 -0.764531255 0.046008870 -0.642942607 -188.035614014
-0.642972708 -0.009345409 0.765832007 469.215270996 0.027198799 0.999016225 0.035026353 1.429520607 -0.765405834 0.043350697 -0.642086029 -189.710357666
-0.641972721 -0.007711241 0.766688704 471.260375977 0.027843766 0.999055386 0.033362821 1.488765717 -0.766221762 0.042765528 -0.641151607 -191.400207520
-0.641160846 -0.007425240 0.767370582 473.277740479 0.029927142 0.998950601 0.034671068 1.540920258 -0.766822755 0.045194939 -0.640265822 -193.061386108
