   0.9999900    0.0042318    0.0014383    0.0965796   -0.0042298    0.9999901   -0.0014151   -0.4638322   -0.0014443    0.0014090    0.9999980    4.6478480    0.0000000    0.0000000    0.0000000    1.0000000 
   0.9999959    0.0025879    0.0012346    0.2704874   -0.0025869    0.9999963   -0.0007798   -0.9244671   -0.0012366    0.0007766    0.9999989    8.9325394    0.0000000    0.0000000    0.0000000    1.0000000 
   0.9999998    0.0001616    0.0006190    0.5223073   -0.0001620    0.9999998    0.0006588   -1.4620928   -0.0006189   -0.0006589    0.9999996   14.1600220   -0.0000000    0.0000000   -0.0000000    1.0000000 
   0.9999996   -0.0007185    0.0005564    0.6736427    0.0007175    0.9999981    0.0018354   -1.8332360   -0.0005577   -0.0018350    0.9999982   18.0463751   -0.0000000    0.0000000   -0.0000000    1.0000000 
   0.9999875   -0.0047969   -0.0014250    0.8595164    0.0048004    0.9999854    0.0024722   -2.1706310    0.0014131   -0.0024790    0.9999959   21.3537222    0.0000000    0.0000000   -0.0000000    1.0000000 
   0.9999688   -0.0072670   -0.0030953    1.0136526    0.0072732    0.9999716    0.0019977   -2.4810810    0.0030807   -0.0020201    0.9999932   24.4400218   -0.0000000    0.0000000   -0.0000000    1.0000000 
   0.9999645   -0.0078117   -0.0031498    1.0965268    0.0078186    0.9999670    0.0021916   -2.7467886    0.0031325   -0.0022161    0.9999926   27.0671206   -0.0000000    0.0000000   -0.0000000    1.0000000 
   0.9999464   -0.0093875   -0.0043623    1.2177166    0.0093984    0.9999527    0.0024866   -3.0195592    0.0043387   -0.0025275    0.9999874   29.8757142    0.0000000    0.0000000   -0.0000000    1.0000000 
   0.9999717   -0.0062640   -0.0041653    1.2780461    0.0062801    0.9999728    0.0038778   -3.2593540    0.0041409   -0.0039038    0.9999838   32.3172156    0.0000000    0.0000000   -0.0000000    1.0000000 
   0.9999517   -0.0083275   -0.0052179    1.3739256    0.0083489    0.9999568    0.0040979   -3.4899524    0.0051835   -0.0041413    0.9999780   34.7182851    0.0000000    0.0000000   -0.0000000    1.0000000 
   0.9999272   -0.0105104   -0.0059250    1.4838179    0.0105340    0.9999367    0.0039611   -3.7778740    0.0058830   -0.0040232    0.9999746   37.6880288    0.0000000    0.0000000   -0.0000000    1.0000000 
   0.9998382   -0.0160815   -0.0080576    1.6247646    0.0161107    0.9998638    0.0035784   -4.0145141    0.0079990   -0.0037077    0.9999611   40.2510977   -0.0000000    0.0000000   -0.0000000    1.0000000 
   0.9996852   -0.0228038   -0.0104615    1.7830203    0.0228251    0.9997376    0.0019207   -4.2509918    0.0104150   -0.0021589    0.9999434   42.8073329   -0.0000000   -0.0000000    0.0000000    1.0000000 
   0.9996307   -0.0244316   -0.0118944    1.8963224    0.0244473    0.9997004    0.0011796   -4.5251009    0.0118620   -0.0014699    0.9999286   45.4859164   -0.0000000    0.0000000    0.0000000    1.0000000 
   0.9995778   -0.0258852   -0.0131944    1.9916764    0.0258946    0.9996645    0.0005381   -4.7448339    0.0131760   -0.0008795    0.9999128   47.7623991   -0.0000000    0.0000000    0.0000000    1.0000000 
   0.9994231   -0.0303889   -0.0151634    2.0967069    0.0304040    0.9995374    0.0007635   -4.9788078    0.0151332   -0.0012241    0.9998847   50.0127164    0.0000000    0.0000000    0.0000000    1.0000000 
   0.9993198   -0.0330207   -0.0164179    2.1751290    0.0330159    0.9994547   -0.0005651   -5.1984273    0.0164276    0.0000227    0.9998651   52.0777496    0.0000000    0.0000000    0.0000000    1.0000000 
   0.9993030   -0.0336435   -0.0161763    2.2279267    0.0336148    0.9994328   -0.0020430   -5.4127779    0.0162358    0.0014979    0.9998671   54.2165240    0.0000000    0.0000000    0.0000000    1.0000000 
   0.9993046   -0.0339356   -0.0154509    2.2579019    0.0338984    0.9994217   -0.0026615   -5.6431114    0.0155323    0.0021358    0.9998771   56.4767320    0.0000000    0.0000000    0.0000000    1.0000000 
   0.9992392   -0.0355519   -0.0160345    2.3360998    0.0355017    0.9993638   -0.0033994   -5.8372648    0.0161451    0.0028276    0.9998657   58.3990668    0.0000000    0.0000000    0.0000000    1.0000000 
   0.9992247   -0.0361765   -0.0155350    2.3858246    0.0361612    0.9993452   -0.0012653   -6.0243049    0.0155706    0.0007025    0.9998785   60.3396654    0.0000000    0.0000000    0.0000000    1.0000000 
   0.9994679   -0.0302823   -0.0121200    2.3604415    0.0302933    0.9995408    0.0007216   -6.2112142    0.0120926   -0.0010884    0.9999263   62.1488629    0.0000000    0.0000000    0.0000000    1.0000000 
   0.9994468   -0.0317916   -0.0097709    2.4377241    0.0318006    0.9994939    0.0007608   -6.3798849    0.0097418   -0.0010711    0.9999520   63.8929380    0.0000000    0.0000000    0.0000000    1.0000000 
   0.9994210   -0.0334408   -0.0062710    2.5363053    0.0334478    0.9994399    0.0010224   -6.5607130    0.0062333   -0.0012315    0.9999798   65.6598904    0.0000000    0.0000000    0.0000000    1.0000000 
   0.9994432   -0.0333623    0.0005356    2.6073814    0.0333617    0.9994428    0.0010290   -6.7346902   -0.0005696   -0.0010106    0.9999993   67.3558522   -0.0000000    0.0000000    0.0000000    1.0000000 
   0.9994110   -0.0332492    0.0084947    2.6818145    0.0332488    0.9994471    0.0001863   -6.8905886   -0.0084962    0.0000963    0.9999639   68.9413667   -0.0000000    0.0000000    0.0000000    1.0000000 
   0.9993573   -0.0316427    0.0168441    2.7802127    0.0316602    0.9994984   -0.0007723   -7.0625202   -0.0168113    0.0013051    0.9998578   70.6202349   -0.0000000    0.0000000    0.0000000    1.0000000 
   0.9991449   -0.0324871    0.0255758    2.9103052    0.0325561    0.9994673   -0.0022858   -7.2173784   -0.0254879    0.0031165    0.9996703   72.1256125   -0.0000000    0.0000000    0.0000000    1.0000000 
   0.9988926   -0.0274873    0.0381846    3.0114303    0.0276635    0.9996089   -0.0040944   -7.3720986   -0.0380571    0.0051462    0.9992623   73.6012295   -0.0000000    0.0000000    0.0000000    1.0000000 
   0.9982103   -0.0218874    0.0556514    3.1124503    0.0222897    0.9997296   -0.0066183   -7.5147239   -0.0554915    0.0078469    0.9984283   74.9746577   -0.0000000    0.0000000    0.0000000    1.0000000 
   0.9968709   -0.0148587    0.0776376    3.2471207    0.0156014    0.9998381   -0.0089685   -7.6474939   -0.0774918    0.0101516    0.9969413   76.2904469   -0.0000000    0.0000000   -0.0000000    1.0000000 
   0.9943684   -0.0089794    0.1055977    3.4416874    0.0101203    0.9998960   -0.0102728   -7.7962539   -0.1054944    0.0112836    0.9943559   77.6420540    0.0000000    0.0000000   -0.0000000    1.0000000 
   0.9901410   -0.0014997    0.1400660    3.6409197    0.0029120    0.9999470   -0.0098789   -7.9268972   -0.1400438    0.0101894    0.9900929   78.8369526    0.0000000    0.0000000   -0.0000000    1.0000000 
   0.9849475   -0.0090557    0.1726166    4.0232510    0.0109242    0.9998915   -0.0098775   -8.0561277   -0.1725084    0.0116145    0.9849396   80.0227219    0.0000000    0.0000000   -0.0000000    1.0000000 
   0.9776782   -0.0084704    0.2099373    4.3701104    0.0105313    0.9999067   -0.0087008   -8.1890943   -0.2098440    0.0107174    0.9776761   81.1668706    0.0000000    0.0000000   -0.0000000    1.0000000 
   0.9683394   -0.0140330    0.2492424    4.8554138    0.0160586    0.9998525   -0.0060954   -8.3208951   -0.2491201    0.0099049    0.9684219   82.3494065    0.0000000    0.0000000   -0.0000000    1.0000000 
   0.9563845   -0.0198890    0.2914328    5.4286920    0.0212882    0.9997721   -0.0016307   -8.4376893   -0.2913340    0.0077636    0.9565899   83.5090698    0.0000000    0.0000000   -0.0000000    1.0000000 
   0.9405704   -0.0246836    0.3387004    6.1426828    0.0261087    0.9996590    0.0003486   -8.5938229   -0.3385936    0.0085152    0.9408942   84.8658250    0.0000000    0.0000000   -0.0000000    1.0000000 
   0.9224753   -0.0374835    0.3842322    7.1302800    0.0417120    0.9991261   -0.0026742   -8.7752877   -0.3837962    0.0184940    0.9232326   86.2017715    0.0000000   -0.0000000   -0.0000000    1.0000000 
   0.9008292   -0.0504540    0.4312321    8.0496726    0.0582486    0.9982902   -0.0048798   -8.8924983   -0.4302485    0.0295145    0.9022279   87.2332622    0.0000000   -0.0000000   -0.0000000    1.0000000 
   0.8737975   -0.0542440    0.4832552    8.8934874    0.0625118    0.9980437   -0.0010030   -8.9764693   -0.4822554    0.0310855    0.8754790   88.2831574    0.0000000   -0.0000000   -0.0000000    1.0000000 
   0.8445180   -0.0618951    0.5319383    9.8964536    0.0706454    0.9974938    0.0039078   -9.0657809   -0.5308471    0.0342788    0.8467741   89.2881444    0.0000000   -0.0000000   -0.0000000    1.0000000 
   0.8117941   -0.0779404    0.5787190   11.0832259    0.0877016    0.9960846    0.0111274   -9.1742819   -0.5773203    0.0417215    0.8154511   90.3151237    0.0000000   -0.0000000   -0.0000000    1.0000000 
   0.7762817   -0.0886025    0.6241285   12.1317498    0.0995423    0.9948807    0.0174260   -9.2584475   -0.6224774    0.0485997    0.7811274   91.1501863    0.0000000   -0.0000000   -0.0000000    1.0000000 
   0.7385103   -0.0898218    0.6682324   13.2943874    0.1029573    0.9944869    0.0198907   -9.3690454   -0.6663350    0.0541099    0.7436866   91.9726737    0.0000000   -0.0000000   -0.0000000    1.0000000 
   0.6979234   -0.0850632    0.7111028   14.5534636    0.1009323    0.9946938    0.0199252   -9.4606109   -0.7090244    0.0578670    0.7028057   92.8596734    0.0000000   -0.0000000   -0.0000000    1.0000000 
   0.6579080   -0.0846843    0.7483219   15.6898062    0.1058962    0.9941878    0.0194063   -9.4998379   -0.7456159    0.0664768    0.6630518   93.4590289    0.0000000   -0.0000000   -0.0000000    1.0000000 
   0.6147981   -0.0889595    0.7836514   16.7745535    0.1142054    0.9931874    0.0231483   -9.5303496   -0.7803720    0.0752657    0.6207694   93.9756645    0.0000000   -0.0000000   -0.0000000    1.0000000 
   0.5694239   -0.0927523    0.8167946   17.9095343    0.1203794    0.9923112    0.0287615   -9.5611486   -0.8131821    0.0819477    0.5762112   94.4600162    0.0000000   -0.0000000   -0.0000000    1.0000000 
   0.5221771   -0.0946225    0.8475717   19.0355842    0.1248998    0.9915951    0.0337521   -9.5895834   -0.8436416    0.0882370    0.5296065   94.8654367    0.0000000   -0.0000000   -0.0000000    1.0000000 
   0.4723206   -0.0961772    0.8761639   20.1125627    0.1271997    0.9910614    0.0402191   -9.6254942   -0.8722004    0.0924515    0.4803324   95.2372152    0.0000000   -0.0000000   -0.0000000    1.0000000 
   0.4231297   -0.0978762    0.9007672   21.2188419    0.1290105    0.9905275    0.0470276   -9.6510613   -0.8968375    0.0963097    0.4317486   95.5144255    0.0000000   -0.0000000   -0.0000000    1.0000000 
   0.3708460   -0.0986755    0.9234373   22.3667593    0.1290284    0.9901701    0.0539894   -9.6800169   -0.9196874    0.0991279    0.3799325   95.8105744    0.0000000   -0.0000000   -0.0000000    1.0000000 
   0.3214560   -0.0988554    0.9417503   23.5521369    0.1295731    0.9897730    0.0596680   -9.6860644   -0.9380175    0.1028449    0.3309775   96.0248002    0.0000000   -0.0000000   -0.0000000    1.0000000 
   0.2758857   -0.0998489    0.9559902   24.6893289    0.1328530    0.9890049    0.0649575   -9.6925744   -0.9519649    0.1090853    0.2861175   96.1860325    0.0000000   -0.0000000   -0.0000000    1.0000000 
   0.2359312   -0.1019987    0.9664020   25.8795925    0.1384237    0.9878628    0.0704699   -9.6964507   -0.9618604    0.1171469    0.2471867   96.3048864    0.0000000   -0.0000000   -0.0000000    1.0000000 
   0.2017348   -0.1038985    0.9739138   27.1245713    0.1414627    0.9870224    0.0759946   -9.6952708   -0.9691705    0.1224417    0.2138145   96.4223420    0.0000000   -0.0000000   -0.0000000    1.0000000 
   0.1738725   -0.1042342    0.9792362   28.3994600    0.1446479    0.9863002    0.0793026   -9.6876084   -0.9740869    0.1278559    0.1865678   96.5160773    0.0000000   -0.0000000   -0.0000000    1.0000000 
   0.1523277   -0.1028897    0.9829598   29.7063438    0.1434385    0.9863377    0.0810148   -9.6846626   -0.9778659    0.1286535    0.1650048   96.6126685    0.0000000   -0.0000000   -0.0000000    1.0000000 
   0.1356417   -0.1049649    0.9851821   30.9803388    0.1445950    0.9858225    0.0851250   -9.6710458   -0.9801498    0.1309059    0.1488960   96.6693499    0.0000000   -0.0000000   -0.0000000    1.0000000 
   0.1206905   -0.1101427    0.9865609   32.2839125    0.1488427    0.9845985    0.0917150   -9.6518727   -0.9814681    0.1357732    0.1352256   96.7339498    0.0000000   -0.0000000   -0.0000000    1.0000000 
   0.1099981   -0.1125043    0.9875440   33.5358904    0.1493095    0.9841690    0.0954889   -9.6190096   -0.9826531    0.1369461    0.1250547   96.8168300    0.0000000   -0.0000000   -0.0000000    1.0000000 
   0.1033230   -0.1156710    0.9878991   34.8326851    0.1540597    0.9830898    0.0989950   -9.6037906   -0.9826444    0.1419670    0.1193960   96.8574142    0.0000000   -0.0000000   -0.0000000    1.0000000 
   0.0986348   -0.1157194    0.9883725   36.1290290    0.1519715    0.9833170    0.0999615   -9.5969344   -0.9834510    0.1403448    0.1145753   96.9372177    0.0000000   -0.0000000   -0.0000000    1.0000000 
   0.0958492   -0.1092288    0.9893847   37.4117544    0.1438831    0.9850425    0.0948104   -9.5793465   -0.9849419    0.1332682    0.1101317   97.0527951    0.0000000   -0.0000000   -0.0000000    1.0000000 
   0.0957837   -0.0984614    0.9905205   38.6633789    0.1427940    0.9861627    0.0842200   -9.5657965   -0.9851068    0.1333735    0.1085180   97.1113688    0.0000000   -0.0000000   -0.0000000    1.0000000 
   0.0946332   -0.0905655    0.9913841   39.8256293    0.1408686    0.9870510    0.0767229   -9.5575499   -0.9854951    0.1323944    0.1061657   97.2037541    0.0000000   -0.0000000   -0.0000000    1.0000000 
   0.0927148   -0.0898838    0.9916274   40.9502407    0.1428002    0.9868219    0.0760967   -9.5406888   -0.9853994    0.1345493    0.1043284   97.2609101    0.0000000   -0.0000000   -0.0000000    1.0000000 
   0.0892429   -0.0934711    0.9916143   42.1650039    0.1372174    0.9872473    0.0807103   -9.5397747   -0.9865126    0.1288639    0.1009306   97.3670484    0.0000000   -0.0000000   -0.0000000    1.0000000 
   0.0863505   -0.0993013    0.9913036   43.4325987    0.1295673    0.9876889    0.0876528   -9.5321854   -0.9878036    0.1208717    0.0981536   97.4857644    0.0000000   -0.0000000    0.0000000    1.0000000 
   0.0846152   -0.1039094    0.9909809   44.8208611    0.1256464    0.9877215    0.0928393   -9.5224921   -0.9884600    0.1166576    0.0966321   97.5776409    0.0000000   -0.0000000    0.0000000    1.0000000 
   0.0832190   -0.1049999    0.9909842   46.3041350    0.1214686    0.9880873    0.0944925   -9.5010143   -0.9891006    0.1125099    0.0949818   97.6466341    0.0000000   -0.0000000   -0.0000000    1.0000000 
   0.0811696   -0.1054695    0.9911043   47.8517405    0.1179564    0.9884137    0.0955228   -9.4741862   -0.9896958    0.1091535    0.0926699   97.7551718    0.0000000   -0.0000000   -0.0000000    1.0000000 
   0.0797023   -0.1066392    0.9910982   49.3964783    0.1197374    0.9880864    0.0966861   -9.4624664   -0.9896012    0.1109654    0.0915215   97.8285398    0.0000000   -0.0000000   -0.0000000    1.0000000 
   0.0776981   -0.1081968    0.9910885   51.0707954    0.1162330    0.9882977    0.0987799   -9.4390230   -0.9901782    0.1075222    0.0893649   97.9065427    0.0000000   -0.0000000   -0.0000000    1.0000000 
   0.0747996   -0.1090240    0.9912209   52.8205015    0.1157945    0.9882309    0.0999570   -9.4136764   -0.9904528    0.1073012    0.0865437   97.9805531    0.0000000   -0.0000000   -0.0000000    1.0000000 
   0.0722313   -0.1137039    0.9908855   54.3444025    0.1162733    0.9876665    0.1048587   -9.3748249   -0.9905873    0.1076394    0.0845612   98.0436155    0.0000000   -0.0000000   -0.0000000    1.0000000 
   0.0705278   -0.1111070    0.9913027   56.1398667    0.1236035    0.9870920    0.1018411   -9.3517813   -0.9898222    0.1153459    0.0833507   98.0707757    0.0000000   -0.0000000   -0.0000000    1.0000000 
   0.0691228   -0.1042593    0.9921452   58.0089078    0.1277492    0.9872611    0.0948457   -9.3296491   -0.9893949    0.1201898    0.0815613   98.0891152    0.0000000   -0.0000000   -0.0000000    1.0000000 
   0.0670229   -0.0971631    0.9930092   59.8394607    0.1332999    0.9871970    0.0875974   -9.3176871   -0.9888069    0.1264970    0.0791166   98.1273796    0.0000000   -0.0000000   -0.0000000    1.0000000 
   0.0670391   -0.0921609    0.9934848   61.6648900    0.1314471    0.9878618    0.0827694   -9.3062155   -0.9890538    0.1250419    0.0783397   98.1766966    0.0000000   -0.0000000   -0.0000000    1.0000000 
   0.0672312   -0.0938605    0.9933127   63.7718914    0.1300149    0.9879006    0.0845492   -9.2841000   -0.9892301    0.1234611    0.0786210   98.2344767    0.0000000   -0.0000000   -0.0000000    1.0000000 
   0.0667750   -0.0989721    0.9928472   65.7864203    0.1324305    0.9871436    0.0894968   -9.2548665   -0.9889405    0.1255071    0.0790235   98.2788072    0.0000000   -0.0000000   -0.0000000    1.0000000 
   0.0657402   -0.1053983    0.9922547   67.9312571    0.1332603    0.9864255    0.0959502   -9.2272101   -0.9888983    0.1259203    0.0788932   98.3342248    0.0000000   -0.0000000   -0.0000000    1.0000000 
   0.0635140   -0.1099062    0.9919106   70.3281480    0.1264655    0.9867911    0.1012411   -9.2289034   -0.9899356    0.1190123    0.0765744   98.4602743    0.0000000   -0.0000000   -0.0000000    1.0000000 
   0.0617208   -0.1113275    0.9918653   72.4053365    0.1232996    0.9869984    0.1031087   -9.1907901   -0.9904483    0.1159326    0.0746450   98.5393888    0.0000000   -0.0000000   -0.0000000    1.0000000 
   0.0605402   -0.1109004    0.9919859   74.7684627    0.1266478    0.9866302    0.1025724   -9.1717470   -0.9900986    0.1194231    0.0737761   98.5935362    0.0000000   -0.0000000   -0.0000000    1.0000000 
   0.0605125   -0.1080776    0.9922991   76.9753257    0.1275543    0.9868078    0.0997009   -9.1472130   -0.9899839    0.1205388    0.0735000   98.6439245    0.0000000   -0.0000000   -0.0000000    1.0000000 
   0.0601125   -0.1053398    0.9926178   79.0658681    0.1290898    0.9868858    0.0969139   -9.1181401   -0.9898092    0.1223111    0.0729225   98.6694177    0.0000000   -0.0000000   -0.0000000    1.0000000 
   0.0589778   -0.1049477    0.9927274   81.1816408    0.1274254    0.9871148    0.0967840   -9.0992885   -0.9900931    0.1207905    0.0715909   98.7241333    0.0000000   -0.0000000   -0.0000000    1.0000000 
   0.0579675   -0.1069349    0.9925748   83.4699187    0.1249016    0.9872113    0.0990627   -9.0638745   -0.9904743    0.1182317    0.0705825   98.7874533    0.0000000   -0.0000000   -0.0000000    1.0000000 
   0.0569238   -0.1085514    0.9924597   85.8309210    0.1259800    0.9869067    0.1007183   -9.0340653   -0.9903983    0.1192968    0.0698538   98.8318109    0.0000000   -0.0000000    0.0000000    1.0000000 
   0.0558222   -0.1089100    0.9924830   87.9151422    0.1226153    0.9872565    0.1014399   -9.0006887   -0.9908831    0.1160310    0.0684649   98.9167139    0.0000000   -0.0000000    0.0000000    1.0000000 
   0.0553025   -0.1102871    0.9923600   90.1446368    0.1223951    0.9871342    0.1028855   -8.9632724   -0.9909395    0.1157702    0.0680896   98.9715152    0.0000000   -0.0000000    0.0000000    1.0000000 
   0.0546371   -0.1127376    0.9921215   92.0968706    0.1236615    0.9867203    0.1053137   -8.9394843   -0.9908192    0.1169332    0.0678528   99.0184512    0.0000000   -0.0000000    0.0000000    1.0000000 
   0.0537725   -0.1150601    0.9919021   94.1649847    0.1261833    0.9861592    0.1075533   -8.9115993   -0.9905485    0.1193780    0.0675469   99.0602717    0.0000000   -0.0000000   -0.0000000    1.0000000 
   0.0540255   -0.1177687    0.9915704   96.2580906    0.1293590    0.9854780    0.1099970   -8.8754058   -0.9901250    0.1223259    0.0684753   99.0724469    0.0000000   -0.0000000   -0.0000000    1.0000000 
   0.0540276   -0.1169931    0.9916621   98.3219205    0.1267647    0.9858810    0.1094046   -8.8292277   -0.9904604    0.1197969    0.0680954   99.1401951    0.0000000   -0.0000000   -0.0000000    1.0000000 
   0.0541509   -0.1135320    0.9920575  100.4415085    0.1199432    0.9870612    0.1064132   -8.7928480   -0.9913028    0.1132282    0.0670676   99.2500081    0.0000000   -0.0000000   -0.0000000    1.0000000 
   0.0548364   -0.1088339    0.9925463  102.4354835    0.1208426    0.9874586    0.1015997   -8.7540975   -0.9911559    0.1143705    0.0673004   99.3127800    0.0000000   -0.0000000   -0.0000000    1.0000000 
   0.0551706   -0.1083982    0.9925755  104.4748915    0.1196222    0.9876471    0.1012110   -8.7173045   -0.9912854    0.1131502    0.0674559   99.3706838    0.0000000   -0.0000000   -0.0000000    1.0000000 
   0.0559402   -0.1097816    0.9923803  106.6436872    0.1187671    0.9876113    0.1025591   -8.6781913   -0.9913451    0.1121250    0.0682856   99.4139034    0.0000000   -0.0000000   -0.0000000    1.0000000 
   0.0561248   -0.1131430    0.9919923  108.6263671    0.1140394    0.9877825    0.1062107   -8.6542427   -0.9918896    0.1071651    0.0683419   99.4926713    0.0000000   -0.0000000   -0.0000000    1.0000000 
   0.0576581   -0.1163730    0.9915306  110.6706760    0.1202378    0.9867628    0.1088215   -8.6262107   -0.9910693    0.1129450    0.0708873   99.4837257    0.0000000   -0.0000000   -0.0000000    1.0000000 
   0.0590098   -0.1228008    0.9906754  112.7022228    0.1166738    0.9864516    0.1153275   -8.5859555   -0.9914157    0.1087805    0.0725379   99.5133769    0.0000000   -0.0000000   -0.0000000    1.0000000 
   0.0559954   -0.1268983    0.9903339  114.8683999    0.1167223    0.9859208    0.1197331   -8.5384467   -0.9915848    0.1088896    0.0700189   99.5880092    0.0000000   -0.0000000   -0.0000000    1.0000000 
   0.0549797   -0.1213515    0.9910858  117.4018010    0.1258576    0.9855126    0.1136872   -8.4966915   -0.9905236    0.1184852    0.0694562   99.6109862    0.0000000   -0.0000000   -0.0000000    1.0000000 
   0.0548082   -0.1074063    0.9927034  120.0098831    0.1335986    0.9860471    0.0993100   -8.4594771   -0.9895188    0.1271808    0.0683928   99.5926729    0.0000000   -0.0000000   -0.0000000    1.0000000 
   0.0530200   -0.0962064    0.9939483  122.3510075    0.1321989    0.9872638    0.0885076   -8.4432543   -0.9898042    0.1267062    0.0650631   99.6604768    0.0000000   -0.0000000   -0.0000000    1.0000000 
   0.0519474   -0.0943347    0.9941843  124.4696096    0.1296541    0.9877397    0.0869486   -8.4384912   -0.9901976    0.1243833    0.0635414   99.7341437    0.0000000   -0.0000000   -0.0000000    1.0000000 
   0.0505653   -0.1009217    0.9936086  126.2073477    0.1320429    0.9868232    0.0935128   -8.4089541   -0.9899534    0.1264705    0.0632250   99.7794779    0.0000000   -0.0000000   -0.0000000    1.0000000 
   0.0493682   -0.1088071    0.9928362  128.0521653    0.1342790    0.9857468    0.1013532   -8.3807056   -0.9897131    0.1283134    0.0632751   99.8045863    0.0000000   -0.0000000   -0.0000000    1.0000000 
   0.0471239   -0.1126073    0.9925215  130.0206487    0.1350297    0.9852231    0.1053682   -8.3441412   -0.9897203    0.1290546    0.0616329   99.8369764    0.0000000   -0.0000000   -0.0000000    1.0000000 
   0.0450677   -0.1138907    0.9924706  132.0573185    0.1312121    0.9855480    0.1071380   -8.3226061   -0.9903294    0.1253957    0.0593602   99.8916836    0.0000000   -0.0000000   -0.0000000    1.0000000 
   0.0434931   -0.1125939    0.9926888  134.1481764    0.1281265    0.9860524    0.1062275   -8.3032008   -0.9908037    0.1225696    0.0573128   99.9368639    0.0000000   -0.0000000   -0.0000000    1.0000000 
   0.0423227   -0.1088190    0.9931602  135.9327108    0.1255744    0.9867474    0.1027651   -8.2688813   -0.9911810    0.1203662    0.0554267   99.9775829    0.0000000   -0.0000000   -0.0000000    1.0000000 
   0.0407564   -0.1088921    0.9932177  137.7512468    0.1250184    0.9867875    0.1030570   -8.2437569   -0.9913170    0.1199702    0.0538314  100.0104252    0.0000000   -0.0000000   -0.0000000    1.0000000 
   0.0412204   -0.1100752    0.9930681  139.6035955    0.1273565    0.9863845    0.1040480   -8.1972741   -0.9910001    0.1221848    0.0546779   99.9827392    0.0000000   -0.0000000   -0.0000000    1.0000000 
   0.0400814   -0.1161237    0.9924257  141.3923830    0.1299209    0.9853977    0.1100542   -8.2063306   -0.9907139    0.1245257    0.0545830   99.9950885    0.0000000   -0.0000000   -0.0000000    1.0000000 
   0.0385002   -0.1160497    0.9924970  143.2028706    0.1294119    0.9854478    0.1102054   -8.1849979   -0.9908432    0.1241980    0.0529582  100.0150923    0.0000000   -0.0000000   -0.0000000    1.0000000 
   0.0373048   -0.1141376    0.9927643  145.0688485    0.1265002    0.9860032    0.1086068   -8.1555498   -0.9912649    0.1215333    0.0512211  100.0421387    0.0000000   -0.0000000   -0.0000000    1.0000000 
   0.0379440   -0.1133801    0.9928269  147.0797037    0.1279569    0.9859146    0.1077005   -8.1085428   -0.9910536    0.1229525    0.0519173  100.0068990    0.0000000   -0.0000000   -0.0000000    1.0000000 
   0.0373556   -0.1144483    0.9927266  148.6579273    0.1328721    0.9851680    0.1085770   -8.0864488   -0.9904290    0.1278497    0.0520085  100.0001989    0.0000000   -0.0000000   -0.0000000    1.0000000 
   0.0370429   -0.1170582    0.9924340  150.1553478    0.1366145    0.9843847    0.1110097   -8.0578577   -0.9899315    0.1314688    0.0524563   99.9775078    0.0000000   -0.0000000   -0.0000000    1.0000000 
   0.0363974   -0.1181819    0.9923247  151.6127045    0.1321009    0.9848378    0.1124449   -8.0399831   -0.9905678    0.1269942    0.0514575   99.9949863    0.0000000   -0.0000000   -0.0000000    1.0000000 
   0.0383441   -0.1199069    0.9920444  153.0930638    0.1302950    0.9848988    0.1140072   -8.0059052   -0.9907335    0.1248869    0.0533884   99.9819800    0.0000000   -0.0000000   -0.0000000    1.0000000 
   0.0394773   -0.1205192    0.9919257  154.6291240    0.1286553    0.9850498    0.1145634   -7.9570228   -0.9909033    0.1230938    0.0543925   99.9967730    0.0000000   -0.0000000   -0.0000000    1.0000000 
   0.0405526   -0.1205401    0.9918798  156.1133523    0.1340826    0.9843742    0.1141461   -7.9328578   -0.9901401    0.1283649    0.0560813   99.9922915    0.0000000   -0.0000000   -0.0000000    1.0000000 
   0.0433955   -0.1214845    0.9916443  157.5663315    0.1316947    0.9846135    0.1148601   -7.8890217   -0.9903400    0.1256099    0.0587267  100.0200717    0.0000000   -0.0000000   -0.0000000    1.0000000 
   0.0470496   -0.1218427    0.9914337  158.8121519    0.1322228    0.9845587    0.1147230   -7.8603972   -0.9901028    0.1256925    0.0624335  100.0305382    0.0000000   -0.0000000   -0.0000000    1.0000000 
   0.0527503   -0.1205926    0.9912996  160.0049637    0.1330484    0.9846802    0.1127074   -7.8304821   -0.9897048    0.1259455    0.0679869  100.0482758    0.0000000   -0.0000000   -0.0000000    1.0000000 
   0.0595664   -0.1187075    0.9911409  161.1569626    0.1330960    0.9849832    0.1099711   -7.8146656   -0.9893115    0.1253663    0.0744714  100.0992292    0.0000000   -0.0000000   -0.0000000    1.0000000 
   0.0690900   -0.1180952    0.9905958  162.4249188    0.1354817    0.9848799    0.1079645   -7.8010861   -0.9883680    0.1267483    0.0840451  100.1654342    0.0000000   -0.0000000   -0.0000000    1.0000000 
   0.0809161   -0.1165706    0.9898807  163.5451147    0.1314257    0.9857137    0.1053367   -7.7971168   -0.9880181    0.1215723    0.0950805  100.2730458    0.0000000   -0.0000000   -0.0000000    1.0000000 
   0.0950103   -0.1151630    0.9887925  164.5641876    0.1240374    0.9869146    0.1030258   -7.7898922   -0.9877185    0.1128587    0.1080515  100.4147767    0.0000000   -0.0000000   -0.0000000    1.0000000 
   0.1109407   -0.1136259    0.9873101  165.4637819    0.1174843    0.9879762    0.1005012   -7.7876520   -0.9868584    0.1048438    0.1229561  100.5663726    0.0000000   -0.0000000   -0.0000000    1.0000000 
   0.1272127   -0.1109189    0.9856541  166.3723860    0.1156698    0.9886064    0.0963223   -7.7955777   -0.9851078    0.1017570    0.1385932  100.7298766    0.0000000   -0.0000000   -0.0000000    1.0000000 
   0.1465099   -0.1097234    0.9831051  167.1691000    0.1204804    0.9884098    0.0923605   -7.8099461   -0.9818449    0.1049131    0.1580314  100.8642970    0.0000000   -0.0000000   -0.0000000    1.0000000 
   0.1679678   -0.1088010    0.9797700  167.9228990    0.1252195    0.9881946    0.0882694   -7.8230418   -0.9778072    0.1078599    0.1796089  101.0238651    0.0000000   -0.0000000   -0.0000000    1.0000000 
   0.1925780   -0.1065002    0.9754852  168.6224033    0.1250770    0.9886486    0.0832449   -7.8360891   -0.9732777    0.1059796    0.2037127  101.2138040    0.0000000   -0.0000000   -0.0000000    1.0000000 
   0.2205183   -0.1046186    0.9697560  169.2378620    0.1181571    0.9897744    0.0799098   -7.8719267   -0.9681997    0.0969619    0.2306248  101.4464244    0.0000000   -0.0000000   -0.0000000    1.0000000 
   0.2486789   -0.0967896    0.9637378  169.7962756    0.1030304    0.9919928    0.0730417   -7.9010967   -0.9630906    0.0811303    0.2566599  101.7671324    0.0000000   -0.0000000   -0.0000000    1.0000000 
   0.2769128   -0.0830993    0.9572950  170.2634520    0.0849116    0.9944723    0.0617645   -7.9378236   -0.9571360    0.0641821    0.2824382  102.1338668    0.0000000   -0.0000000   -0.0000000    1.0000000 
   0.3117097   -0.0753930    0.9471816  170.7218307    0.0742313    0.9957327    0.0548286   -7.9917992   -0.9472733    0.0532199    0.3159761  102.4628683    0.0000000   -0.0000000   -0.0000000    1.0000000 
   0.3485814   -0.0648908    0.9350295  171.1457413    0.0626015    0.9969848    0.0458525   -8.0404436   -0.9351856    0.0425509    0.3515926  102.8586923    0.0000000   -0.0000000   -0.0000000    1.0000000 
   0.3900070   -0.0549894    0.9191685  171.5397998    0.0539082    0.9978667    0.0368241   -8.0918931   -0.9192325    0.0351891    0.3921394  103.2518544    0.0000000   -0.0000000   -0.0000000    1.0000000 
   0.4365366   -0.0478126    0.8984151  171.9258644    0.0460527    0.9984653    0.0307604   -8.1360149   -0.8985071    0.0279464    0.4380685  103.6447277    0.0000000   -0.0000000   -0.0000000    1.0000000 
   0.4851828   -0.0433276    0.8733387  172.2562993    0.0384283    0.9988632    0.0282062   -8.1789616   -0.8735679    0.0198758    0.4862962  104.0370289    0.0000000   -0.0000000   -0.0000000    1.0000000 
   0.5343493   -0.0354240    0.8445211  172.5252350    0.0269027    0.9993280    0.0248954   -8.2127663   -0.8448355    0.0094170    0.5349432  104.4566696    0.0000000   -0.0000000   -0.0000000    1.0000000 
   0.5852196   -0.0302436    0.8103107  172.7760925    0.0183546    0.9995422    0.0240504   -8.2405730   -0.8106671    0.0007982    0.5855068  104.8756270    0.0000000   -0.0000000   -0.0000000    1.0000000 
   0.6372149   -0.0246680    0.7702912  173.0228363    0.0086952    0.9996541    0.0248202   -8.2769332   -0.7706371   -0.0091180    0.6372090  105.3196557    0.0000000   -0.0000000   -0.0000000    1.0000000 
   0.6877074   -0.0172279    0.7257835  173.2385050    0.0006770    0.9997332    0.0230892   -8.3221843   -0.7259876   -0.0153872    0.6875356  105.7813699    0.0000000   -0.0000000   -0.0000000    1.0000000 
   0.7344833   -0.0045705    0.6786113  173.3953189   -0.0110919    0.9997629    0.0187386   -8.3543500   -0.6785361   -0.0212903    0.7342585  106.2790334    0.0000000   -0.0000000   -0.0000000    1.0000000 
   0.7777070    0.0063778    0.6285946  173.5163660   -0.0208962    0.9996582    0.0157104   -8.3780901   -0.6282795   -0.0253533    0.7775745  106.7575149    0.0000000   -0.0000000   -0.0000000    1.0000000 
   0.8173309    0.0163380    0.5759369  173.6029731   -0.0306492    0.9994155    0.0151443   -8.4070787   -0.5753528   -0.0300299    0.8173539  107.2162257    0.0000000   -0.0000000   -0.0000000    1.0000000 
   0.8540506    0.0225699    0.5197001  173.6730778   -0.0357095    0.9992453    0.0152874   -8.4348014   -0.5189628   -0.0316144    0.8542120  107.6959536   -0.0000000   -0.0000000   -0.0000000    1.0000000 
   0.8869895    0.0303684    0.4607899  173.6964921   -0.0410962    0.9990672    0.0132637   -8.4458628   -0.4599572   -0.0307015    0.8874101  108.1839316   -0.0000000   -0.0000000   -0.0000000    1.0000000 
   0.9164062    0.0362383    0.3986057  173.7027490   -0.0453313    0.9988820    0.0134071   -8.4795719   -0.3976742   -0.0303556    0.9170244  108.7171365   -0.0000000   -0.0000000   -0.0000000    1.0000000 
   0.9414255    0.0455457    0.3341311  173.6626431   -0.0531232    0.9984958    0.0135706   -8.5206590   -0.3330104   -0.0305258    0.9424289  109.2582108   -0.0000000   -0.0000000   -0.0000000    1.0000000 
   0.9618485    0.0549382    0.2680096  173.6016021   -0.0615046    0.9979760    0.0161601   -8.5540845   -0.2665794   -0.0320274    0.9632807  109.7611061   -0.0000000   -0.0000000   -0.0000000    1.0000000 
   0.9768734    0.0681411    0.2026699  173.4859146   -0.0735407    0.9971069    0.0192230   -8.5817018   -0.2007737   -0.0336829    0.9790584  110.2299400   -0.0000000   -0.0000000   -0.0000000    1.0000000 
   0.9872015    0.0823100    0.1365953  173.3338034   -0.0859135    0.9960878    0.0206888   -8.5886436   -0.1343580   -0.0321594    0.9904109  110.7296869   -0.0000000   -0.0000000   -0.0000000    1.0000000 
   0.9934841    0.0899142    0.0700338  173.2022040   -0.0918927    0.9954410    0.0255544   -8.6154782   -0.0674168   -0.0318234    0.9972173  111.2635410   -0.0000000   -0.0000000   -0.0000000    1.0000000 
   0.9948396    0.1011203    0.0082951  173.0012097   -0.1013113    0.9944803    0.0272943   -8.6060314   -0.0054893   -0.0279938    0.9995930  111.8435979   -0.0000000   -0.0000000   -0.0000000    1.0000000 
   0.9923354    0.1132052   -0.0495492  172.7921635   -0.1117913    0.9932653    0.0304418   -8.6270708    0.0526617   -0.0246693    0.9983077  112.3110948   -0.0000000   -0.0000000   -0.0000000    1.0000000 
   0.9868700    0.1234991   -0.1040944  172.5521459   -0.1206576    0.9921392    0.0331903   -8.6227263    0.1073751   -0.0201947    0.9940135  112.7984689   -0.0000000   -0.0000000   -0.0000000    1.0000000 
   0.9790557    0.1297750   -0.1568707  172.3110184   -0.1252015    0.9913749    0.0387359   -8.6366923    0.1605446   -0.0182841    0.9868592  113.3454010   -0.0000000   -0.0000000   -0.0000000    1.0000000 
   0.9689588    0.1360276   -0.2064350  172.0382027   -0.1295686    0.9905689    0.0445567   -8.6509576    0.2105490   -0.0164261    0.9774453  113.9545747   -0.0000000   -0.0000000   -0.0000000    1.0000000 
   0.9574968    0.1414562   -0.2513764  171.7366882   -0.1330971    0.9898390    0.0500398   -8.6604366    0.2559006   -0.0144555    0.9665950  114.6010747   -0.0000000   -0.0000000   -0.0000000    1.0000000 
   0.9453564    0.1504465   -0.2892528  171.3869142   -0.1402546    0.9885434    0.0557724   -8.6723880    0.2943297   -0.0121557    0.9556266  115.2371661   -0.0000000   -0.0000000   -0.0000000    1.0000000 
   0.9335180    0.1534921   -0.3240127  171.0403994   -0.1414662    0.9880926    0.0605012   -8.6770878    0.3294410   -0.0106421    0.9441162  115.9270589   -0.0000000   -0.0000000   -0.0000000    1.0000000 
   0.9214217    0.1554941   -0.3560949  170.6832490   -0.1419704    0.9878011    0.0639792   -8.6781959    0.3616994   -0.0083969    0.9322570  116.6362853   -0.0000000   -0.0000000   -0.0000000    1.0000000 
   0.9097262    0.1489421   -0.3875752  170.3442987   -0.1341447    0.9888193    0.0651276   -8.6953939    0.3929420   -0.0072571    0.9195346  117.4080973   -0.0000000   -0.0000000   -0.0000000    1.0000000 
   0.8981683    0.1525884   -0.4123233  169.9318251   -0.1376570    0.9882869    0.0658755   -8.6977282    0.4175455   -0.0024081    0.9086528  118.1401873   -0.0000000   -0.0000000   -0.0000000    1.0000000 
   0.8884497    0.1610955   -0.4297736  169.4433426   -0.1464022    0.9869338    0.0672902   -8.6926829    0.4349982    0.0031359    0.9004258  118.9146109   -0.0000000   -0.0000000   -0.0000000    1.0000000 
   0.8817152    0.1679781   -0.4408647  168.9134551   -0.1537168    0.9857609    0.0681656   -8.6809938    0.4460375    0.0076656    0.8949815  119.7518230   -0.0000000   -0.0000000   -0.0000000    1.0000000 
   0.8768420    0.1720396   -0.4489437  168.4328685   -0.1583844    0.9850244    0.0681267   -8.6890983    0.4539410    0.0113693    0.8909592  120.6021094   -0.0000000   -0.0000000   -0.0000000    1.0000000 
   0.8742026    0.1749194   -0.4529602  167.9309028   -0.1619173    0.9844807    0.0676797   -8.7147842    0.4577691    0.0141763    0.8889581  121.5484905   -0.0000000   -0.0000000   -0.0000000    1.0000000 
   0.8743730    0.1739805   -0.4529931  167.4299012   -0.1610503    0.9846482    0.0673114   -8.7321903    0.4577497    0.0140994    0.8889693  122.5904996   -0.0000000   -0.0000000   -0.0000000    1.0000000 
   0.8753896    0.1730651   -0.4513774  166.9505963   -0.1594532    0.9848357    0.0683618   -8.7620716    0.4563636    0.0121304    0.8897107  123.6182815   -0.0000000   -0.0000000   -0.0000000    1.0000000 
   0.8769414    0.1676222   -0.4504181  166.4268583   -0.1540257    0.9857939    0.0669811   -8.7886798    0.4552470    0.0106374    0.8903017  124.8024203   -0.0000000   -0.0000000   -0.0000000    1.0000000 
   0.8779584    0.1662498   -0.4489433  165.8840635   -0.1527191    0.9860310    0.0664815   -8.7995667    0.4537245    0.0101943    0.8910837  125.9748127   -0.0000000   -0.0000000   -0.0000000    1.0000000 
   0.8785923    0.1669684   -0.4474339  165.2942686   -0.1529968    0.9859197    0.0674863   -8.8214282    0.4524020    0.0091630    0.8917671  127.2532223   -0.0000000   -0.0000000   -0.0000000    1.0000000 
   0.8791106    0.1693152   -0.4455298  164.6904029   -0.1546918    0.9855295    0.0692973   -8.8416322    0.4508159    0.0079998    0.8925811  128.5270767   -0.0000000   -0.0000000   -0.0000000    1.0000000 
   0.8792194    0.1752327   -0.4430201  163.8879651   -0.1606526    0.9844848    0.0705724   -8.8749631    0.4485132    0.0091237    0.8937297  130.1316332   -0.0000000   -0.0000000   -0.0000000    1.0000000 
   0.8795603    0.1773868   -0.4414835  163.1242917   -0.1631774    0.9840883    0.0703084   -8.9020214    0.4469305    0.0101997    0.8945105  131.6963254   -0.0000000   -0.0000000   -0.0000000    1.0000000 
   0.8794730    0.1779539   -0.4414291  162.4309521   -0.1636415    0.9839870    0.0706479   -8.9250740    0.4469325    0.0101032    0.8945106  133.2124995   -0.0000000   -0.0000000   -0.0000000    1.0000000 
   0.8801142    0.1755311   -0.4411211  161.7586361   -0.1608965    0.9844351    0.0707100   -8.9660493    0.4466669    0.0087420    0.8946576  134.6971858   -0.0000000   -0.0000000   -0.0000000    1.0000000 
   0.8807078    0.1772830   -0.4392318  161.0274708   -0.1627458    0.9841183    0.0708871   -9.0018520    0.4448231    0.0090523    0.8955727  136.2180665   -0.0000000   -0.0000000   -0.0000000    1.0000000 
   0.8809513    0.1758140   -0.4393338  160.2650265   -0.1616799    0.9843766    0.0697309   -9.0300127    0.4447296    0.0096019    0.8956134  137.9019311   -0.0000000   -0.0000000   -0.0000000    1.0000000 
   0.8813266    0.1763760   -0.4383548  159.4405102   -0.1617758    0.9842859    0.0707808   -9.0701803    0.4439504    0.0085342    0.8960107  139.6420521   -0.0000000   -0.0000000   -0.0000000    1.0000000 
